32,2
32,0
27,5
27,2
27,0
30,2
30,0
25,6
25,2
25,0
26,5
26,2
26,0
29,2
29,0
31,5
31,2
31,0
0,278
0,9
28,5
28,2
28,0
41,52
41,51
41,50
41,49
41,48
41,47
41,46
41,45
41,44
41,43
41,42
41,41
41,40
41,39
41,38
41,37
41,36
41,35
30,4
28,4
3,2
3,1
3,3
10,139
10,150
10,276
10,272
10,142
10,149
10,273
11,29
9,7
9,4
9,6
9,2
9,3
8,16
8,9
36,7
36,6
36,5
36,4
36,3
8,10
36,2
36,1
8,8
36,0
35,5
35,4
35,3
8,2
35,2
35,1
8,3
35,0
34,17
34,16
34,15
34,14
34,13
34,12
34,11
34,10
34,9
34,8
34,7
34,6
34,5
34,4
34,3
34,2
34,1
34,0
33,4
33,3
33,2
33,1
33,0
32,8
32,7
32,6
32,5
32,4
32,3
32,1
31,4
31,3
31,1
30,3
30,1
29,5
29,4
29,3
29,1
28,3
28,1
27,4
27,3
27,1
26,4
